$ANSIBLE_VAULT;1.1;AES256
37656531613234396133623839636466626261393665363231353238393364343066386532643264
6531633238386464396336393263353361393862393637610a353562376434666661333261656365
64396133636431636634383234373865643463386563363864626463653265653934623632363437
6563393365643535610a316439613838383137646231633263356439616633663864353232373638
63613966646336633634343438666232326335653439326635313933326436313065333635383662
34613832353033646136393031303530623964343961343739646561303233373565656662353366
66356462313661306439303235653236363662346664663061333437653338303439323134613764
33613531356564363837653063653666613964306665313334356534363865636363316630323561
37653535643463316235396132376130306231656433663562326335393863313966323538636236
33306134626337373132326539353264616631303933343935303561366266343431666132663130
38363366336162356236623164353330333565636632373263646435326130373562386531323663
37613562333864373162303166356561323839323733353765313765306666626435306337333962
35663262656465323561326637366264613137643566646438343330626264353134363866623462
3865393139343364356238393763303732326133323462623165
